232
77
186
237
158
237
138
237
169
77
240
237
241
237
204
237
134
237
238
237
165
237
128
236
186
237
218
237
191
237
214
237
244
237
244
237
168
77
148
237
199
237
164
237
208
237
201
77
130
173
148
237
215
237
225
236
204
237
199
237
189
237
166
237
167
237
255
237
135
237
241
237
231
237
197
237
178
237
201
77
249
77
188
237
153
77
194
173
187
237
241
237
208
237
200
77
188
237
143
237
166
237
209
237
214
237
206
237
211
237
184
77
155
237
249
77
180
237
143
237
200
77
196
237
233
77
192
236
205
237
181
237
137
77
149
237
138
237
158
237
213
237
193
236
147
237
203
237
147
237
240
237
239
237
168
77
130
173
166
237
172
237
167
237
248
77
147
237
182
237
162
173
141
237
209
237
168
77
134
237
139
237
253
237
218
237
242
237
128
236
255
237
136
77
178
237
163
173
216
77
206
237
198
237
160
236
193
236
176
237
160
236
225
236
190
237
151
237
156
237
147
237
130
173
156
237
224
236
143
237
244
237
194
173
224
236
163
173
183
237
160
236
172
237
203
237
211
237
130
173
241
237
251
237
241
237
224
236
160
236
196
237
153
77
169
77
215
237
171
237
172
237
178
237
225
236
254
237
223
237
143
237
137
77
142
237
249
77
178
237
161
236
250
237
190
237
237
237
182
237
235
237
140
237
246
237
242
237
228
237
189
237
175
237
226
173
233
77
182
237
136
77
226
173
168
77
194
173
196
237
226
173
173
237
204
237
136
77
177
237
203
237
240
237
172
237
160
236
136
77
221
237
155
237
225
236
201
77
201
77
190
237
228
237
164
237
216
77
144
237
237
237
140
237
216
77
184
77
159
237
249
77
244
237
241
237
250
237
198
237
152
77
227
173
239
237
250
237
238
237
245
237
140
237
170
237
187
237
159
237
175
237
131
173
192
236
149
237
193
236
245
237
205
237
182
237
149
237
145
237
145
237
197
237
242
237
244
237
166
237
222
237
165
237
157
237
134
237
170
237
246
237
192
236
157
237
162
173
207
237
130
173
185
77
232
77
191
237
186
237
219
237
174
237
161
236
232
77
240
237
189
237
185
